epsilon 	Y 	M_chi 	M_v 	a_D
2.01e-05 	1.00e-11 	0.001 	0.003 	0.5
2.01e-05 	1.00e-11 	0.01 	0.03 	0.5
2.01e-05 	1.00e-11 	0.1 	0.3 	0.5
2.01e-05 	1.00e-11 	1.0 	3.0 	0.5
2.01e-05 	1.00e-11 	0.005 	0.015 	0.5
2.01e-05 	1.00e-11 	0.05 	0.15 	0.5
2.01e-05 	1.00e-11 	0.5 	1.5 	0.5
2.01e-05 	1.00e-11 	5.0 	15.0 	0.5
6.36e-05 	1.00e-10 	0.001 	0.003 	0.5
6.36e-05 	1.00e-10 	0.01 	0.03 	0.5
6.36e-05 	1.00e-10 	0.1 	0.3 	0.5
6.36e-05 	1.00e-10 	1.0 	3.0 	0.5
6.36e-05 	1.00e-10 	0.005 	0.015 	0.5
6.36e-05 	1.00e-10 	0.05 	0.15 	0.5
6.36e-05 	1.00e-10 	0.5 	1.5 	0.5
6.36e-05 	1.00e-10 	5.0 	15.0 	0.5
2.01e-04 	1.00e-09 	0.001 	0.003 	0.5
2.01e-04 	1.00e-09 	0.01 	0.03 	0.5
2.01e-04 	1.00e-09 	0.1 	0.3 	0.5
2.01e-04 	1.00e-09 	1.0 	3.0 	0.5
2.01e-04 	1.00e-09 	0.005 	0.015 	0.5
2.01e-04 	1.00e-09 	0.05 	0.15 	0.5
2.01e-04 	1.00e-09 	0.5 	1.5 	0.5
2.01e-04 	1.00e-09 	5.0 	15.0 	0.5
6.36e-04 	1.00e-08 	0.001 	0.003 	0.5
6.36e-04 	1.00e-08 	0.01 	0.03 	0.5
6.36e-04 	1.00e-08 	0.1 	0.3 	0.5
6.36e-04 	1.00e-08 	1.0 	3.0 	0.5
6.36e-04 	1.00e-08 	0.005 	0.015 	0.5
6.36e-04 	1.00e-08 	0.05 	0.15 	0.5
6.36e-04 	1.00e-08 	0.5 	1.5 	0.5
6.36e-04 	1.00e-08 	5.0 	15.0 	0.5
2.01e-03 	1.00e-07 	0.001 	0.003 	0.5
2.01e-03 	1.00e-07 	0.01 	0.03 	0.5
2.01e-03 	1.00e-07 	0.1 	0.3 	0.5
2.01e-03 	1.00e-07 	1.0 	3.0 	0.5
2.01e-03 	1.00e-07 	0.005 	0.015 	0.5
2.01e-03 	1.00e-07 	0.05 	0.15 	0.5
2.01e-03 	1.00e-07 	0.5 	1.5 	0.5
2.01e-03 	1.00e-07 	5.0 	15.0 	0.5
4.50e-05 	5.00e-11 	0.001 	0.003 	0.5
4.50e-05 	5.00e-11 	0.01 	0.03 	0.5
4.50e-05 	5.00e-11 	0.1 	0.3 	0.5
4.50e-05 	5.00e-11 	1.0 	3.0 	0.5
4.50e-05 	5.00e-11 	0.005 	0.015 	0.5
4.50e-05 	5.00e-11 	0.05 	0.15 	0.5
4.50e-05 	5.00e-11 	0.5 	1.5 	0.5
4.50e-05 	5.00e-11 	5.0 	15.0 	0.5
1.42e-04 	5.00e-10 	0.001 	0.003 	0.5
1.42e-04 	5.00e-10 	0.01 	0.03 	0.5
1.42e-04 	5.00e-10 	0.1 	0.3 	0.5
1.42e-04 	5.00e-10 	1.0 	3.0 	0.5
1.42e-04 	5.00e-10 	0.005 	0.015 	0.5
1.42e-04 	5.00e-10 	0.05 	0.15 	0.5
1.42e-04 	5.00e-10 	0.5 	1.5 	0.5
1.42e-04 	5.00e-10 	5.0 	15.0 	0.5
4.50e-04 	5.00e-09 	0.001 	0.003 	0.5
4.50e-04 	5.00e-09 	0.01 	0.03 	0.5
4.50e-04 	5.00e-09 	0.1 	0.3 	0.5
4.50e-04 	5.00e-09 	1.0 	3.0 	0.5
4.50e-04 	5.00e-09 	0.005 	0.015 	0.5
4.50e-04 	5.00e-09 	0.05 	0.15 	0.5
4.50e-04 	5.00e-09 	0.5 	1.5 	0.5
4.50e-04 	5.00e-09 	5.0 	15.0 	0.5
1.42e-03 	5.00e-08 	0.001 	0.003 	0.5
1.42e-03 	5.00e-08 	0.01 	0.03 	0.5
1.42e-03 	5.00e-08 	0.1 	0.3 	0.5
1.42e-03 	5.00e-08 	1.0 	3.0 	0.5
1.42e-03 	5.00e-08 	0.005 	0.015 	0.5
1.42e-03 	5.00e-08 	0.05 	0.15 	0.5
1.42e-03 	5.00e-08 	0.5 	1.5 	0.5
1.42e-03 	5.00e-08 	5.0 	15.0 	0.5
4.50e-03 	5.00e-07 	0.001 	0.003 	0.5
4.50e-03 	5.00e-07 	0.01 	0.03 	0.5
4.50e-03 	5.00e-07 	0.1 	0.3 	0.5
4.50e-03 	5.00e-07 	1.0 	3.0 	0.5
4.50e-03 	5.00e-07 	0.005 	0.015 	0.5
4.50e-03 	5.00e-07 	0.05 	0.15 	0.5
4.50e-03 	5.00e-07 	0.5 	1.5 	0.5
4.50e-03 	5.00e-07 	5.0 	15.0 	0.5
